datetime,iso,local_languages,info_tweets,info_tweets_T,info_tweets_RE,info_tweets_RT,info_tweets_local,info_fact_reliable,info_fact_unreliable,info_fact_unknown,info_fact_shadow,info_fact_missing,info_fact_science,info_fact_msm,info_fact_satire,info_fact_clickbait,info_fact_political,info_fact_fake,info_fact_conspiracy,info_fact_reliable_local,info_fact_unreliable_local,info_fact_unknown_local,info_fact_reliable_RT,info_fact_unreliable_RT,info_fact_reliable_RE,info_fact_unreliable_RE,info_exposure_fact_reliable,info_exposure_fact_unreliable,info_exposure_fact_unknown,info_exposure_fact_reliable_local,info_exposure_fact_unreliable_local,info_exposure_fact_unknown_local,info_bot_verified,info_bot_unverified,info_human_verified,info_human_unverified,info_sentiment,info_vad_V,info_vad_A,info_vad_D,info_big_5_O,info_big_5_C,info_big_5_E,info_big_5_A,info_big_5_N,info_risk_index,info_risk_index_local,info_dyn_iri_RT,info_dyn_iri_RE,info_dyn_iri,eco_close_pct,epi_confirmed,epi_confirmed_new,epi_dead,epi_dead_new
2020-01-22,VCT,,10,2,1,7,0,0,0,5,2,2,0,0,0,0,0,0,0,0,0,0,0,0,0,0,0,0,7257,0,0,0,0,3,0,7,-0.0588,5.4219,5.1745,4.3361,,,-0.0593,,0.0863,,,,,,,,,,
2020-01-23,VCT,,20,10,0,10,0,1,1,10,0,9,0,1,0,0,0,1,0,0,0,0,1,1,0,0,738,4763,8571,0,0,0,0,13,0,7,-0.4561,4.7387,4.9604,4.4681,,,-0.0562,-0.0103,0.0897,0.8658,,0.5000,,0.5000,,,,,
2020-01-24,VCT,,45,12,2,31,0,4,2,14,1,11,0,4,0,0,2,0,0,0,0,0,2,2,0,0,2699,25492,5468,0,0,0,0,21,0,24,0.0090,5.6808,5.3454,4.4639,,,-0.0519,,0.0847,0.9043,,0.5000,,0.5000,,,,,
2020-01-25,VCT,,53,4,2,47,0,0,2,1,0,1,0,0,0,0,2,0,0,0,0,0,0,2,0,0,0,5782,79,0,0,0,0,16,0,37,0.0205,5.5111,5.3345,4.5030,,0.0476,-0.0443,0.0108,0.0654,1.0000,,1.0000,,1.0000,,,,,
2020-01-26,VCT,,65,14,2,49,0,1,4,11,4,3,0,1,0,0,4,0,0,0,0,0,0,3,0,0,24,12084,17496,0,0,0,0,29,0,36,-0.1347,5.2586,5.1481,4.3061,,-0.0034,-0.0436,0.0099,0.0775,0.9980,,1.0000,,1.0000,,,,,
2020-01-27,VCT,,49,14,0,35,0,4,3,4,0,2,0,4,1,0,2,0,0,0,0,0,4,2,0,0,7193,9305,4278,0,0,0,0,18,0,31,-0.2959,5.0955,5.1574,4.3883,-0.0407,-0.0491,0.0044,0.0333,0.0322,0.5640,,0.3333,,0.3333,,,,,
2020-01-28,VCT,,56,20,2,34,0,2,4,10,1,8,1,1,0,0,2,1,1,0,0,0,2,4,0,0,8949,18453,15422,0,0,0,0,15,0,41,-0.1079,5.3818,5.3379,4.2190,-0.0407,-0.0491,-0.0319,0.0333,0.0601,0.6734,,0.6667,,0.6667,,,,,
2020-01-29,VCT,,53,13,0,40,0,1,0,6,1,5,0,1,0,0,0,0,0,0,0,0,0,0,0,0,8214,0,1709,0,0,0,0,18,0,35,0.1458,5.3985,5.3093,4.5298,-0.0356,-0.0491,-0.0439,-0.0019,0.0852,0.0000,,,,,,,,,
2020-01-30,VCT,,96,23,1,72,0,0,0,8,0,8,0,0,0,0,0,0,0,0,0,0,0,0,0,0,0,0,15206,0,0,0,0,31,0,65,-0.1769,4.9851,5.0679,4.3504,-0.0508,-0.0491,-0.0416,-0.0033,0.0753,,,,,,,,,,
2020-01-31,VCT,,69,10,3,56,0,1,0,10,1,9,0,1,0,0,0,0,0,0,0,0,0,0,0,0,89,0,23693,0,0,0,0,46,0,23,0.0131,5.4575,5.3249,4.3294,-0.0056,-0.0225,-0.0339,0.0283,0.0592,0.0000,,,,,,,,,
2020-02-01,VCT,,37,7,1,29,0,1,0,7,1,6,0,1,0,0,0,0,0,0,0,0,1,0,0,0,290,0,25906,0,0,0,0,19,0,18,-0.0780,5.5430,5.5093,4.1863,,,-0.0446,-0.0060,0.0751,0.0000,,0.0000,,0.0000,,,,,
2020-02-02,VCT,,29,4,2,23,0,1,0,4,0,4,0,1,0,0,0,0,0,0,0,0,0,0,1,0,8240,0,8991,0,0,0,0,20,0,9,0.0583,5.7035,5.5268,4.0623,,-0.0422,-0.0599,,0.0702,0.0000,,,0.0000,0.0000,,,,,
2020-02-03,VCT,,28,11,2,15,0,2,0,8,0,7,0,2,0,0,0,0,0,0,0,0,2,0,0,0,12992,0,6148,0,0,0,0,16,0,12,-0.2045,5.1233,5.2469,4.3419,0.0019,,-0.0579,,0.0735,0.0000,,0.0000,,0.0000,,,,,
2020-02-04,VCT,,50,40,1,9,0,3,1,36,0,35,0,3,0,0,1,0,0,0,0,0,2,0,1,0,7073,920,5679,0,0,0,0,12,0,38,-0.2939,4.9635,5.1780,4.5609,,,-0.0593,,0.0920,0.1151,,0.0000,0.0000,0.0000,,,,,
2020-02-05,VCT,,44,27,3,14,0,6,0,24,1,23,0,6,0,0,0,0,0,0,0,0,2,0,3,0,12084,0,3535,0,0,0,0,11,0,33,-0.0428,5.4312,5.3148,4.2347,,0.0656,-0.0184,0.0285,0.0761,0.0000,,0.0000,0.0000,0.0000,,,,,
2020-02-06,VCT,,24,9,1,14,0,1,2,9,0,9,0,1,0,0,2,0,0,0,0,0,1,2,0,0,741,22035,16363,0,0,0,0,5,0,19,-0.2853,5.0403,5.2593,4.3385,,,-0.0082,0.0060,0.0551,0.9675,,0.6667,,0.6667,,,,,
2020-02-07,VCT,,24,3,1,20,0,10,0,3,0,3,0,10,0,0,0,0,0,0,0,0,10,0,0,0,17534,0,2044,0,0,0,0,15,0,9,0.1583,5.5096,5.2829,4.3596,-0.0407,-0.0491,-0.0510,,0.0745,0.0000,,0.0000,,0.0000,,,,,
2020-02-08,VCT,,36,9,0,27,0,4,0,19,4,13,0,4,0,0,0,0,0,0,0,0,3,0,0,0,4262,0,27205,0,0,0,0,12,0,24,-0.2377,4.4401,4.9981,4.5344,-0.0742,,-0.0354,0.0333,0.0708,0.0000,,0.0000,,0.0000,,,,,
2020-02-09,VCT,,17,3,2,12,0,0,0,3,1,2,0,0,0,0,0,0,0,0,0,0,0,0,0,0,0,0,3921,0,0,0,0,5,0,12,0.0802,5.1835,5.5010,4.1392,,,-0.0593,,0.0920,,,,,,,,,,
2020-02-10,VCT,,37,10,6,21,0,0,2,8,2,5,0,0,0,0,1,1,0,0,0,0,0,2,0,0,0,17735,3791,0,0,0,0,18,0,19,-0.0051,5.6796,5.5937,4.1823,,0.0509,-0.0377,0.0333,0.0780,1.0000,,1.0000,,1.0000,,,,,
2020-02-11,VCT,,23,8,1,14,0,0,0,9,1,8,0,0,0,0,0,0,0,0,0,0,0,0,0,0,0,0,7130,0,0,0,0,8,0,15,-0.1170,4.8622,5.0080,4.3655,-0.0556,-0.0509,-0.0593,-0.0525,0.0808,,,,,,,,,,
2020-02-12,VCT,,24,6,2,16,0,1,1,6,1,4,0,1,0,0,1,0,0,0,0,0,1,1,0,0,17529,4512,2851,0,0,0,0,10,0,14,-0.3367,4.9670,5.0664,4.4318,,,-0.0228,0.0039,0.0672,0.2047,,0.5000,,0.5000,,,,,
2020-02-13,VCT,,21,3,0,18,0,1,0,3,1,2,0,1,0,0,0,0,0,0,0,0,1,0,0,0,759,0,1392,0,0,0,0,6,0,15,-0.1640,5.3507,5.2349,4.2083,-0.0419,-0.0488,-0.0593,-0.0461,0.0858,0.0000,,0.0000,,0.0000,,,,,
2020-02-14,VCT,,22,6,2,14,0,4,0,2,0,2,0,4,0,0,0,0,0,0,0,0,4,0,0,0,5341,0,735,0,0,0,0,8,0,14,-0.0315,5.4627,5.4572,4.4193,,,-0.0593,,0.0932,0.0000,,0.0000,,0.0000,,,,,
2020-02-15,VCT,,14,2,0,12,0,6,0,4,1,1,0,6,0,0,0,0,0,0,0,0,6,0,0,0,5737,0,3347,0,0,0,0,5,0,9,0.4224,6.1439,5.7268,4.1937,,,,,0.1004,0.0000,,0.0000,,0.0000,,,,,
2020-02-16,VCT,,25,11,0,14,0,8,1,4,0,4,0,8,0,0,1,0,0,0,0,0,7,1,0,0,13133,13,1508,0,0,0,0,7,0,18,-0.2854,4.6816,4.9254,4.5613,,,-0.0274,0.0333,0.0604,0.0010,,0.1250,,0.1250,,,,,
2020-02-17,VCT,,20,10,1,9,0,3,0,6,0,6,0,3,0,0,0,0,0,0,0,0,1,0,1,0,10972,0,2464,0,0,0,0,9,0,11,-0.2134,4.6644,4.6711,4.5979,,,-0.0363,,0.0874,0.0000,,0.0000,0.0000,0.0000,,,,,
2020-02-18,VCT,,24,12,0,12,0,0,0,8,1,6,0,0,0,0,0,0,0,0,0,0,0,0,0,0,0,0,3410,0,0,0,0,12,0,12,-0.2595,5.3878,5.0948,4.1934,,,-0.0428,0.0333,0.0696,,,,,,,,,,
2020-02-19,VCT,,10,3,0,7,0,0,0,3,1,2,0,0,0,0,0,0,0,0,0,0,0,0,0,0,0,0,3128,0,0,0,0,4,0,6,-0.1878,4.6267,4.8068,4.4437,,,0.0069,0.0144,0.0739,,,,,,,,,,
2020-02-20,VCT,,11,1,1,9,0,2,0,0,0,0,0,2,0,0,0,0,0,0,0,0,2,0,0,0,1130,0,0,0,0,0,0,5,0,6,0.0803,5.6411,5.3961,4.4388,,,-0.0578,,0.0760,0.0000,,0.0000,,0.0000,,,,,
2020-02-21,VCT,,35,14,3,18,0,2,1,11,1,10,0,2,0,0,1,0,0,0,0,0,2,0,0,0,6374,555,16554,0,0,0,0,18,0,17,-0.1564,5.1681,5.2016,4.2213,,,-0.0287,0.0069,0.0624,0.0801,,0.0000,,0.0000,,,,,
2020-02-22,VCT,,19,3,2,14,0,0,0,4,1,3,0,0,0,0,0,0,0,0,0,0,0,0,0,0,0,0,2695,0,0,0,0,8,0,11,-0.2960,4.9046,4.9126,4.3374,,,-0.0593,,0.0886,,,,,,,,,,
2020-02-23,VCT,,32,9,0,23,0,3,1,8,2,6,0,3,0,0,1,0,0,0,0,0,3,1,0,0,11138,1297,25299,0,0,0,0,6,0,26,-0.1866,4.8464,5.1276,4.3934,,0.0491,-0.0425,-0.0094,0.0624,0.1043,,0.2500,,0.2500,,,,,
2020-02-24,VCT,,62,17,1,44,0,0,2,13,2,11,0,0,0,0,1,1,0,0,0,0,0,2,0,0,0,6354,9346,0,0,0,0,18,0,44,-0.0654,5.2451,5.2871,4.1663,0.0416,,-0.0446,-0.0066,0.0734,1.0000,,1.0000,,1.0000,,,,,
2020-02-25,VCT,,90,29,5,56,0,3,6,11,1,7,0,3,0,0,5,0,1,0,0,0,2,5,0,1,6383,16799,5499,0,0,0,0,26,0,64,-0.1086,5.3408,5.3051,4.3437,-0.0639,-0.0655,-0.0444,-0.0206,0.0814,0.7247,,0.7143,1.0000,0.7500,,,,,
2020-02-26,VCT,,85,21,6,58,0,2,2,12,2,10,0,2,0,0,2,0,0,0,0,0,2,2,0,0,953,6975,9109,0,0,0,0,34,0,51,-0.2521,5.1617,5.1638,4.2930,-0.0206,-0.0189,-0.0394,0.0156,0.0663,0.8798,,0.5000,,0.5000,,,,,
2020-02-27,VCT,,128,24,2,102,0,6,3,6,1,5,0,6,0,0,3,0,0,0,0,0,5,0,0,0,45989,15687,1815,0,0,0,0,38,0,90,-0.0571,5.4136,5.3522,4.2287,-0.0415,-0.0162,-0.0395,0.0059,0.0660,0.2543,,0.0000,,0.0000,,,,,
2020-02-28,VCT,,126,30,3,93,0,5,4,5,0,5,0,5,0,0,3,1,0,0,0,0,4,2,1,0,12918,17335,1541,0,0,0,1,27,0,98,-0.0915,5.2949,5.3238,4.2596,-0.0194,0.0205,-0.0450,-0.0095,0.0721,0.5730,,0.3333,0.0000,0.2857,,,,,
2020-02-29,VCT,,100,16,5,79,0,2,11,8,8,0,0,2,0,0,10,1,0,0,0,0,2,7,0,0,11186,59595,27236,0,0,0,0,18,0,82,-0.1787,5.3039,5.2608,4.2990,-0.0441,-0.0468,-0.0503,-0.0090,0.0770,0.8420,,0.7778,,0.7778,,,,,
2020-03-01,VCT,,130,21,7,102,0,8,3,22,11,11,0,8,0,0,2,1,0,0,0,0,7,2,0,0,10415,16777,30493,0,0,0,0,48,0,82,-0.1216,5.4142,5.3708,4.3255,-0.0165,-0.0491,-0.0407,-0.0134,0.0692,0.6170,,0.2222,,0.2222,,,,,
2020-03-02,VCT,,92,20,4,68,0,6,0,21,12,9,0,6,0,0,0,0,0,0,0,0,2,0,0,0,29856,0,21925,0,0,0,0,25,0,67,-0.1380,5.2785,5.2537,4.3059,-0.0492,-0.0440,-0.0373,-0.0162,0.0758,0.0000,,0.0000,,0.0000,,,,,
2020-03-03,VCT,,108,32,5,71,0,3,1,24,2,22,1,2,0,0,1,0,0,0,0,0,2,0,1,1,885,786,10502,0,0,0,0,43,0,65,-0.1011,5.3266,5.3011,4.2567,-0.0680,-0.0445,-0.0427,-0.0134,0.0681,0.4704,,0.0000,0.5000,0.2500,,,,,
2020-03-04,VCT,,113,49,3,61,0,6,2,40,3,37,0,6,0,0,1,1,0,0,0,0,5,2,0,0,12903,10363,14738,0,0,0,0,62,0,51,0.0173,5.4768,5.3827,4.3912,,,-0.0398,-0.0054,0.0685,0.4454,,0.2857,,0.2857,,,,,
2020-03-05,VCT,,131,33,5,93,0,6,9,20,8,11,1,5,0,0,7,2,0,0,0,0,2,5,1,0,14704,45668,26360,0,0,0,0,34,0,97,-0.0948,5.2719,5.2825,4.3479,,0.0269,-0.0407,-0.0080,0.0705,0.7564,,0.7143,0.0000,0.6250,,,,,
2020-03-06,VCT,,91,24,3,64,0,3,1,11,3,8,0,3,0,0,1,0,0,0,0,0,2,1,0,0,2962,5591,6475,0,0,0,0,17,0,74,-0.1117,5.2553,5.2659,4.2366,-0.0693,-0.0309,-0.0445,-0.0009,0.0768,0.6537,,0.3333,,0.3333,,,,,
2020-03-07,VCT,,85,20,2,63,0,6,3,5,0,5,0,6,0,1,2,0,0,0,0,0,5,2,0,0,6358,11463,5136,0,0,0,0,28,0,57,-0.1065,5.2992,5.2513,4.3587,,,-0.0406,-0.0121,0.0748,0.6432,,0.2857,,0.2857,,,,,
2020-03-08,VCT,,105,20,1,84,0,5,3,8,1,6,0,5,0,0,3,0,0,0,0,0,4,3,0,0,12744,12110,8501,0,0,0,0,38,0,67,-0.1126,5.3806,5.3697,4.2352,-0.0780,-0.0341,-0.0515,-0.0151,0.0817,0.4872,,0.4286,,0.4286,,,,,
2020-03-09,VCT,,117,23,2,92,0,6,4,16,6,10,1,5,0,0,2,2,0,0,0,0,3,3,1,0,20199,16790,14750,0,0,0,0,37,0,80,-0.1710,5.3502,5.2377,4.3652,,,-0.0503,-0.0018,0.0757,0.4539,,0.5000,0.0000,0.4286,,,,,
2020-03-10,VCT,,100,21,3,76,0,1,4,14,2,11,0,1,0,1,2,1,0,0,0,0,1,2,0,0,161,17334,23654,0,0,0,0,32,0,68,-0.1125,5.2000,5.2576,4.2867,-0.0828,0.0165,-0.0513,0.0097,0.0796,0.9908,,0.6667,,0.6667,,,,,
2020-03-11,VCT,,129,23,5,101,0,3,0,18,6,12,0,3,0,0,0,0,0,0,0,0,3,0,0,0,6785,0,13255,0,0,0,0,45,0,84,0.0760,5.3757,5.3205,4.1805,-0.0413,0.0149,-0.0446,-0.0079,0.0739,0.0000,,0.0000,,0.0000,,,,,
2020-03-12,VCT,,134,23,1,110,0,1,0,14,2,11,0,1,0,0,0,0,0,0,0,0,0,0,0,0,4488,0,11646,0,0,0,0,63,1,70,-0.0867,5.4331,5.3314,4.2468,-0.0407,-0.0468,-0.0357,-0.0070,0.0684,0.0000,,,,,,,,,
2020-03-13,VCT,,126,13,1,112,0,5,1,14,3,9,1,4,1,0,0,0,0,0,0,0,4,0,1,0,7610,1324,33824,0,0,0,0,53,0,73,0.0579,5.5240,5.5368,4.2291,-0.0446,-0.0451,-0.0485,-0.0283,0.0783,0.1482,,0.0000,0.0000,0.0000,,1,1,0,0
2020-03-14,VCT,,153,26,5,122,0,6,2,11,2,7,0,6,0,0,2,0,0,0,0,0,5,0,0,0,6279,11184,18735,0,0,0,0,42,0,111,-0.0534,5.4360,5.3909,4.2271,-0.0451,-0.0544,-0.0468,-0.0501,0.0736,0.6404,,0.0000,,0.0000,,,,,
2020-03-15,VCT,,97,27,1,69,0,4,1,18,4,14,0,4,0,0,1,0,0,0,0,0,4,0,0,0,7416,5600,39206,0,0,0,2,40,0,55,-0.0111,5.4688,5.4270,4.3313,-0.0410,-0.0008,-0.0358,0.0052,0.0663,0.4302,,0.0000,,0.0000,,,,,
2020-03-16,VCT,,109,26,2,81,0,10,3,10,0,8,0,10,0,0,2,0,1,0,0,0,10,3,0,0,25498,7259,8528,0,0,0,1,32,0,76,-0.1055,5.3910,5.4072,4.2158,-0.0397,0.0249,-0.0510,-0.0237,0.0789,0.2216,,0.2308,,0.2308,,,,,
2020-03-17,VCT,,128,24,2,102,0,6,3,18,3,14,0,6,0,0,2,1,0,0,0,0,4,3,0,0,40603,11679,7897,0,0,0,1,48,0,79,-0.1399,5.3672,5.2903,4.3060,-0.0887,-0.0243,-0.0464,-0.0119,0.0780,0.2234,,0.4286,,0.4286,,,,,
2020-03-18,VCT,,162,77,4,81,0,6,1,66,2,63,0,6,0,0,1,0,0,0,0,0,3,1,0,0,9775,5593,22338,0,0,0,0,89,1,72,-0.1178,5.0889,5.1881,4.4056,-0.0312,-0.0625,-0.0439,-0.0125,0.0759,0.3639,,0.2500,,0.2500,,,,,
2020-03-19,VCT,,110,26,3,81,0,6,3,22,2,19,1,5,0,0,2,1,0,0,0,0,6,0,0,1,13377,11996,37175,0,0,0,0,45,0,65,-0.1362,5.3672,5.3570,4.3743,-0.0534,-0.0493,-0.0484,-0.0072,0.0787,0.4728,,0.0000,1.0000,0.1429,,,,,
2020-03-20,VCT,,127,38,3,86,0,2,8,20,4,16,0,2,0,0,8,0,0,0,0,0,2,8,0,0,816,20637,20889,0,0,0,0,39,0,88,-0.0927,5.4474,5.2983,4.2835,-0.0574,-0.0126,-0.0449,0.0049,0.0765,0.9620,,0.8000,,0.8000,,,,,
2020-03-21,VCT,,92,18,2,72,0,3,4,10,1,9,0,3,0,1,3,0,0,0,0,0,3,3,0,0,12573,16307,15900,0,0,0,0,14,0,78,0.0275,5.5856,5.4971,4.2809,-0.0754,-0.0367,-0.0548,-0.0376,0.0815,0.5646,,0.5000,,0.5000,,,,,
2020-03-22,VCT,,141,25,2,114,0,7,5,14,2,12,0,7,0,0,5,0,0,0,0,0,5,5,0,0,10258,23637,19035,0,0,0,0,63,0,78,-0.0458,5.3291,5.3008,4.3111,-0.0253,-0.0435,-0.0488,-0.0174,0.0767,0.6974,,0.5000,,0.5000,,,,,
2020-03-23,VCT,,113,18,0,95,0,5,3,10,4,5,0,5,0,0,3,0,0,0,0,0,5,2,0,0,12199,41120,12863,0,0,0,0,63,0,50,-0.0171,5.3794,5.3929,4.2097,-0.0354,-0.0399,-0.0488,-0.0297,0.0794,0.7712,,0.2857,,0.2857,,,,,
2020-03-24,VCT,,109,21,1,87,0,3,0,20,2,15,0,3,0,0,0,0,0,0,0,0,3,0,0,0,12564,0,18843,0,0,0,0,36,0,73,-0.0817,5.3109,5.2931,4.2988,-0.0418,-0.0249,-0.0502,-0.0136,0.0805,0.0000,,0.0000,,0.0000,,,,,
2020-03-25,VCT,,115,23,2,90,0,3,1,20,4,16,0,3,1,0,0,0,0,0,0,0,3,1,0,0,12534,1344,38236,0,0,0,0,40,0,75,-0.1021,5.3469,5.2348,4.3417,-0.0587,-0.0491,-0.0451,-0.0225,0.0818,0.0968,,0.2500,,0.2500,,1,0,0,0
2020-03-26,VCT,,122,31,3,88,0,14,3,8,0,7,1,13,0,0,3,0,0,0,0,0,10,3,1,0,29058,16788,4839,0,0,0,0,44,0,78,0.0041,5.4825,5.4660,4.1877,-0.0107,0.0509,-0.0432,0.0238,0.0715,0.3662,,0.2308,0.0000,0.2143,,1,0,0,0
2020-03-27,VCT,,127,27,4,96,0,6,3,21,3,17,0,6,0,0,2,1,0,0,0,0,5,1,1,0,33934,15670,20684,0,0,0,0,51,0,76,-0.0705,5.5353,5.5237,4.2134,-0.0148,-0.0491,-0.0376,0.0116,0.0696,0.3159,,0.1667,0.0000,0.1429,,1,0,0,0
2020-03-28,VCT,,122,30,3,89,0,8,2,29,0,27,0,8,0,0,2,0,0,0,0,0,4,2,0,0,54587,23135,33580,0,0,0,0,61,0,61,-0.0579,5.2430,5.3506,4.2803,-0.0437,-0.0571,-0.0432,-0.0223,0.0772,0.2977,,0.3333,,0.3333,,1,0,0,0
2020-03-29,VCT,,105,15,3,87,0,5,2,10,2,8,0,5,0,0,2,0,0,0,0,0,1,2,1,0,64496,11192,8449,0,0,0,0,36,0,69,0.0033,5.3992,5.3685,4.2477,-0.0163,-0.0162,-0.0427,-0.0087,0.0691,0.1479,,0.6667,0.0000,0.5000,,1,0,0,0
2020-03-30,VCT,,116,14,2,100,0,7,2,9,5,2,0,7,0,0,2,0,0,0,0,0,5,2,1,0,11778,10065,19165,0,0,0,0,43,0,73,-0.0779,5.3942,5.3656,4.2119,-0.0429,-0.0439,-0.0405,0.0041,0.0740,0.4608,,0.2857,0.0000,0.2500,,1,0,0,0
2020-03-31,VCT,,85,21,3,61,0,3,0,13,1,12,1,2,0,0,0,0,0,0,0,0,2,0,0,0,7668,0,10210,0,0,0,0,31,0,54,-0.1086,5.4108,5.3547,4.2728,0.0012,0.0474,-0.0487,-0.0144,0.0766,0.0000,,0.0000,,0.0000,,1,0,0,0
2020-04-01,VCT,,132,20,1,111,0,5,4,16,1,10,0,5,0,0,3,1,0,0,0,0,3,3,0,1,12808,11970,19834,0,0,0,0,61,0,71,-0.1373,5.4098,5.3564,4.2438,0.0168,-0.0008,-0.0418,0.0068,0.0747,0.4831,,0.5000,1.0000,0.5714,,1,0,0,0
2020-04-02,VCT,,111,24,3,84,0,6,5,11,2,7,0,6,0,1,3,1,0,0,0,0,5,5,0,0,62172,11721,9531,0,0,0,0,32,0,79,-0.0769,5.4477,5.3578,4.3435,-0.0516,-0.0548,-0.0446,0.0126,0.0732,0.1586,,0.5000,,0.5000,,2,1,0,0
2020-04-03,VCT,,131,29,2,100,0,2,2,15,1,11,0,2,0,0,2,0,0,0,0,0,1,2,0,0,3517,5812,19346,0,0,0,0,43,0,88,-0.1079,5.2453,5.3731,4.2144,-0.0193,-0.0491,-0.0446,0.0127,0.0721,0.6230,,0.6667,,0.6667,,2,0,0,0
2020-04-04,VCT,,91,13,6,72,0,3,2,8,2,2,0,3,0,0,2,0,0,0,0,0,3,2,0,0,5866,8416,10468,0,0,0,0,36,0,55,-0.0253,5.3400,5.2564,4.3209,-0.0275,,-0.0395,0.0071,0.0712,0.5893,,0.4000,,0.4000,,7,5,0,0
2020-04-05,VCT,,97,25,2,70,0,2,1,11,1,9,0,2,0,0,1,0,0,0,0,0,2,1,0,0,5628,2825,15714,0,0,0,0,29,0,68,-0.0776,5.3681,5.3045,4.3436,-0.0136,-0.0604,-0.0369,0.0163,0.0746,0.3342,,0.3333,,0.3333,,7,0,0,0
2020-04-06,VCT,,117,22,4,91,0,4,2,12,0,10,0,4,0,1,1,0,0,0,0,0,4,2,0,0,14051,5386,29017,0,0,0,0,42,0,75,-0.1350,5.4431,5.4306,4.2615,0.0010,-0.0083,-0.0388,0.0002,0.0727,0.2771,,0.3333,,0.3333,,7,0,0,0
2020-04-07,VCT,,131,28,7,96,0,5,1,16,4,12,0,5,0,0,1,0,0,0,0,0,3,0,0,0,31438,4469,19698,0,0,0,0,64,0,67,-0.0289,5.4073,5.3542,4.2704,-0.0451,,-0.0428,0.0176,0.0728,0.1245,,0.0000,,0.0000,,7,0,0,0
2020-04-08,VCT,,127,19,8,100,0,13,4,12,3,8,0,13,0,0,3,1,0,0,0,0,10,3,2,0,81992,13877,32580,0,0,0,0,78,0,49,-0.0592,5.3235,5.3186,4.3246,-0.0274,0.0024,-0.0277,0.0049,0.0682,0.1447,,0.2308,0.0000,0.2000,,8,1,0,0
2020-04-09,VCT,,124,29,1,94,0,2,7,14,1,12,0,2,0,0,7,0,0,0,0,0,2,5,0,0,3274,23112,13404,0,0,0,0,81,0,43,0.0184,5.4823,5.4634,4.2810,0.0035,-0.0529,-0.0448,0.0245,0.0759,0.8759,,0.7143,,0.7143,,8,0,0,0
2020-04-10,VCT,,100,18,3,79,0,4,1,19,5,12,0,4,0,0,1,0,0,0,0,0,3,1,0,0,19087,2896,35941,0,0,0,0,45,1,54,-0.0074,5.3533,5.2860,4.2985,-0.0439,-0.0338,-0.0386,0.0091,0.0731,0.1317,,0.2500,,0.2500,,12,4,0,0
2020-04-11,VCT,,107,30,4,73,0,4,4,15,1,14,0,4,0,1,3,0,0,0,0,0,3,3,0,0,4169,14592,8240,0,0,0,0,53,0,54,-0.1097,5.2289,5.1977,4.2674,-0.0674,-0.0705,-0.0526,-0.0368,0.0830,0.7778,,0.5000,,0.5000,,12,0,0,0
2020-04-12,VCT,,110,22,2,86,0,4,2,28,1,27,0,4,0,0,2,0,0,0,0,0,2,2,1,0,3019,3471,20979,0,0,0,0,65,0,45,0.0531,5.3829,5.3392,4.2333,0.0191,0.0038,-0.0282,0.0178,0.0673,0.5348,,0.5000,0.0000,0.4000,,12,0,0,0
2020-04-13,VCT,,122,20,3,99,0,3,4,16,2,12,0,3,0,0,3,1,0,0,0,0,2,4,0,0,15676,27452,16613,0,0,0,0,59,0,63,-0.0717,5.4683,5.4135,4.2795,-0.0116,0.0038,-0.0522,-0.0511,0.0798,0.6365,,0.6667,,0.6667,,12,0,0,0
2020-04-14,VCT,,127,24,3,100,0,6,4,18,6,11,0,6,0,0,3,1,0,0,0,0,6,4,0,0,6738,26123,24992,0,0,0,0,36,0,91,-0.0979,5.3686,5.4143,4.3257,-0.0739,-0.0554,-0.0488,-0.0168,0.0788,0.7950,,0.4000,,0.4000,,12,0,0,0
2020-04-15,VCT,,130,17,3,110,0,9,3,11,1,8,0,9,0,0,2,1,0,0,0,0,8,3,0,0,24375,16142,7794,0,0,0,0,71,0,59,-0.0822,5.3862,5.4116,4.2708,-0.0258,0.0235,-0.0423,0.0041,0.0708,0.3984,,0.2727,,0.2727,,12,0,0,0
2020-04-16,VCT,,113,20,2,91,0,2,3,18,4,12,0,2,0,0,2,1,0,0,0,0,2,3,0,0,1787,23556,38265,0,0,0,0,52,0,61,-0.0798,5.4182,5.3716,4.2664,-0.0409,0.0026,-0.0460,0.0064,0.0793,0.9295,,0.6000,,0.6000,,12,0,0,0
2020-04-17,VCT,,118,32,3,83,0,4,2,18,2,16,0,4,0,0,1,1,0,0,0,0,3,2,1,0,6080,6164,12610,0,0,0,0,36,0,82,-0.0480,5.2062,5.2533,4.2644,-0.0432,-0.0040,-0.0482,-0.0210,0.0775,0.5034,,0.4000,0.0000,0.3333,,12,0,0,0
2020-04-18,VCT,,147,32,8,107,0,3,8,32,3,27,0,3,0,0,3,4,1,0,0,0,3,8,0,0,489,27904,29795,0,0,0,0,53,0,94,-0.0483,5.4317,5.3403,4.2612,-0.0334,-0.0234,-0.0370,0.0110,0.0717,0.9828,,0.7273,,0.7273,,12,0,0,0
2020-04-19,VCT,,122,27,7,88,0,6,0,31,4,26,0,6,0,0,0,0,0,0,0,0,5,0,1,0,40412,0,49842,0,0,0,0,60,0,62,-0.1417,5.4334,5.4208,4.2291,,,-0.0352,0.0158,0.0785,0.0000,,0.0000,0.0000,0.0000,,12,0,0,0
2020-04-20,VCT,,148,49,6,93,0,12,4,38,2,35,0,12,0,0,1,2,1,0,0,0,12,3,0,0,83602,24666,23500,0,0,0,0,75,0,73,-0.1017,5.4635,5.3925,4.1915,-0.0407,-0.0124,-0.0375,0.0244,0.0750,0.2278,,0.2000,,0.2000,,12,0,0,0
2020-04-21,VCT,,124,20,7,97,0,9,5,16,3,13,0,9,0,0,2,3,0,0,0,0,8,5,1,0,54043,24873,36890,0,0,0,0,44,0,80,0.0429,5.5536,5.4578,4.1836,,,-0.0348,0.0169,0.0686,0.3152,,0.3846,0.0000,0.3571,,12,0,0,0
2020-04-22,VCT,,114,19,5,90,0,3,3,15,2,11,0,3,0,0,3,0,0,0,0,0,2,3,1,0,33955,10017,33925,0,0,0,0,43,1,70,-0.0845,5.2868,5.2951,4.3600,-0.0429,-0.0506,-0.0487,-0.0081,0.0764,0.2278,,0.6000,0.0000,0.5000,,12,0,0,0
2020-04-23,VCT,,120,21,7,92,0,5,4,16,1,13,0,5,0,0,3,1,0,0,0,0,1,4,1,0,73715,8399,34340,0,0,0,0,55,0,65,-0.0856,5.3666,5.3084,4.2396,-0.0264,0.0054,-0.0433,0.0044,0.0751,0.1023,,0.8000,0.0000,0.6667,,13,1,0,0
2020-04-24,VCT,,137,39,2,96,0,7,3,24,1,22,0,7,0,0,3,0,0,0,0,0,4,1,0,0,11568,9212,22388,0,0,0,0,49,0,88,-0.0813,5.3299,5.3724,4.2698,-0.0284,0.0486,-0.0437,0.0125,0.0745,0.4433,,0.2000,,0.2000,,13,0,0,0
2020-04-25,VCT,,149,22,7,120,0,7,3,20,2,16,0,7,0,0,3,0,0,0,0,0,6,3,0,0,40415,2057,17974,0,0,0,0,70,0,79,-0.0424,5.4604,5.4282,4.1775,-0.0073,-0.0072,-0.0439,0.0095,0.0745,0.0484,,0.3333,,0.3333,,14,1,0,0
2020-04-26,VCT,,108,30,9,69,0,3,5,21,3,16,0,3,0,0,4,0,1,0,0,0,1,3,2,0,18116,15023,5336,0,0,0,0,44,0,64,-0.1296,5.3305,5.2962,4.3530,-0.0268,,-0.0415,0.0126,0.0710,0.4533,,0.7500,0.0000,0.5000,,14,0,0,0
2020-04-27,VCT,,118,22,6,90,0,6,8,13,6,3,1,5,0,0,5,3,0,0,0,0,5,3,1,0,40572,21711,37770,0,0,0,0,47,0,71,-0.1126,5.4801,5.3030,4.2716,-0.0766,-0.0621,-0.0433,-0.0211,0.0748,0.3486,,0.3750,0.0000,0.3333,,14,0,0,0
2020-04-28,VCT,,134,37,2,95,0,5,3,21,5,16,0,5,0,0,3,0,0,0,0,0,4,3,0,0,9669,10364,34649,0,0,0,0,64,0,70,-0.0268,5.3793,5.4021,4.2693,-0.0402,-0.0366,-0.0457,0.0333,0.0740,0.5173,,0.4286,,0.4286,,15,1,0,0
2020-04-29,VCT,,120,22,6,92,0,4,9,14,1,12,0,4,0,0,7,2,0,0,0,0,3,9,1,0,22942,50364,51234,0,0,0,0,51,0,69,-0.1567,5.2689,5.2434,4.2528,-0.0218,0.0147,-0.0312,0.0091,0.0709,0.6870,,0.7500,0.0000,0.6923,,16,1,0,0
2020-04-30,VCT,,123,39,2,82,0,7,4,28,0,27,0,7,0,0,4,0,0,0,0,0,5,3,0,0,41289,17572,30641,0,0,0,0,44,0,79,-0.0455,5.3910,5.3837,4.2560,0.0412,0.0480,-0.0433,0.0079,0.0779,0.2985,,0.3750,,0.3750,,16,0,0,0
2020-05-01,VCT,,129,28,5,96,0,9,5,17,0,17,1,8,0,0,5,0,0,0,0,0,7,3,0,0,14850,19615,14509,0,0,0,0,40,1,88,-0.0590,5.4399,5.3596,4.2291,-0.0399,-0.0254,-0.0457,-0.0081,0.0795,0.5691,,0.3000,,0.3000,,16,0,0,0
2020-05-02,VCT,,121,26,4,91,0,4,5,18,4,13,1,3,0,0,3,2,0,0,0,0,3,3,0,0,60460,14638,8406,0,0,0,0,45,0,76,-0.2139,5.3255,5.3309,4.3611,-0.0482,-0.0597,-0.0275,0.0057,0.0698,0.1949,,0.5000,,0.5000,,16,0,0,0
2020-05-03,VCT,,108,24,3,81,0,3,0,19,2,17,0,3,0,0,0,0,0,0,0,0,3,0,0,0,34131,0,19189,0,0,0,0,38,0,70,-0.0447,5.4922,5.4619,4.2779,-0.0460,,-0.0380,0.0166,0.0662,0.0000,,0.0000,,0.0000,,16,0,0,0
2020-05-04,VCT,,98,27,3,68,0,1,2,21,2,17,1,0,0,0,1,1,0,0,0,0,1,2,0,0,8468,6347,15019,0,0,0,0,47,0,51,-0.0431,5.4541,5.3615,4.2484,-0.0566,-0.0307,-0.0367,0.0090,0.0742,0.4284,,0.6667,,0.6667,,17,1,0,0
2020-05-05,VCT,,110,22,8,80,0,4,7,9,0,7,0,4,0,0,6,1,0,0,0,0,2,6,0,0,39880,16770,9131,0,0,0,0,48,0,62,-0.1082,5.3492,5.3660,4.2374,-0.0249,-0.0127,-0.0415,-0.0057,0.0730,0.2960,,0.7500,,0.7500,,17,0,0,0
2020-05-06,VCT,,94,15,7,72,0,3,1,11,2,8,0,3,0,0,1,0,0,0,0,0,3,1,0,0,12649,5639,11862,0,0,0,0,39,0,55,-0.1569,5.4790,5.4621,4.2749,-0.0502,-0.0630,-0.0412,-0.0107,0.0729,0.3083,,0.2500,,0.2500,,17,0,0,0
2020-05-07,VCT,,129,34,8,87,0,8,8,21,2,16,0,8,0,0,6,2,0,0,0,0,5,7,1,0,28276,15750,28496,0,0,0,0,59,0,70,0.0238,5.5844,5.5594,4.1900,-0.0429,-0.0491,-0.0401,0.0266,0.0671,0.3577,,0.5833,0.0000,0.5385,,17,0,0,0
2020-05-08,VCT,,98,40,4,54,0,3,5,26,0,26,0,3,0,0,4,1,0,0,0,0,2,5,0,0,10951,49845,52429,0,0,0,0,44,0,54,-0.0909,5.3571,5.3458,4.3412,-0.0228,0.0243,-0.0418,0.0083,0.0738,0.8199,,0.7143,,0.7143,,17,0,0,0
2020-05-09,VCT,,122,31,5,86,0,7,2,15,1,14,0,7,0,0,2,0,0,0,0,0,5,2,0,0,122876,2732,8118,0,0,0,0,67,0,55,-0.0731,5.3444,5.3029,4.3710,-0.0190,-0.0253,-0.0342,0.0063,0.0698,0.0218,,0.2857,,0.2857,,17,0,0,0
2020-05-10,VCT,,103,32,5,66,0,4,2,23,3,20,0,4,0,0,1,0,1,0,0,0,3,1,0,1,10972,719,20539,0,0,0,0,58,0,45,-0.0900,5.4524,5.4334,4.3293,-0.0410,-0.0491,-0.0469,0.0003,0.0805,0.0615,,0.2500,1.0000,0.4000,,17,0,0,0
2020-05-11,VCT,,125,28,4,93,0,6,7,12,2,9,0,6,0,0,7,0,0,0,0,0,5,6,0,0,16380,40673,8556,0,0,0,0,46,0,79,-0.1085,5.3621,5.3411,4.2229,-0.0408,0.0004,-0.0511,-0.0164,0.0786,0.7129,,0.5455,,0.5455,,17,0,0,0
2020-05-12,VCT,,110,19,8,83,0,5,4,14,2,11,0,5,0,0,4,0,0,0,0,0,4,2,1,0,1052,12713,17079,0,0,0,1,42,0,67,-0.0940,5.3715,5.3773,4.2561,-0.0214,-0.0086,-0.0433,0.0244,0.0737,0.9236,,0.3333,0.0000,0.2857,,17,0,0,0
2020-05-13,VCT,,113,21,5,87,0,4,4,15,2,12,0,4,0,0,2,2,0,0,0,0,4,4,0,0,7572,18580,50048,0,0,0,0,62,0,51,-0.0784,5.3029,5.2999,4.2410,-0.0607,0.0595,-0.0361,0.0132,0.0729,0.7105,,0.5000,,0.5000,,17,0,0,0
2020-05-14,VCT,,106,18,2,86,0,4,8,20,6,13,1,3,0,0,5,2,1,0,0,0,3,8,0,0,35156,70961,22050,0,0,0,0,45,0,61,-0.0188,5.5073,5.4400,4.2746,-0.0185,-0.0310,-0.0452,-0.0012,0.0816,0.6687,,0.7273,,0.7273,,17,0,0,0
2020-05-15,VCT,,96,44,3,49,0,4,3,34,0,32,0,4,0,0,3,0,0,0,0,0,2,3,0,0,2787,27863,37165,0,0,0,0,45,0,51,-0.0334,5.4844,5.5112,4.2568,-0.0404,-0.0002,-0.0461,0.0333,0.0695,0.9091,,0.6000,,0.6000,,17,0,0,0
2020-05-16,VCT,,87,16,7,64,0,4,3,4,1,0,0,4,0,0,2,1,0,0,0,0,1,3,1,0,926,8275,29682,0,0,0,0,29,0,58,-0.3592,5.4104,5.3576,4.3223,,,-0.0442,0.0067,0.0796,0.8994,,0.7500,0.0000,0.6000,,17,0,0,0
2020-05-17,VCT,,82,16,4,62,0,3,3,11,2,8,0,3,0,0,1,2,0,0,0,0,3,3,0,0,13323,2142,7080,0,0,0,0,37,0,45,-0.1266,5.2978,5.2647,4.2838,-0.0520,-0.0544,-0.0495,-0.0127,0.0842,0.1385,,0.5000,,0.5000,,17,0,0,0
2020-05-18,VCT,,72,13,2,57,0,3,1,5,1,4,0,3,0,0,0,1,0,0,0,0,3,1,0,0,7443,17826,5973,0,0,0,0,39,0,33,-0.1418,5.2151,5.2964,4.3291,-0.0522,-0.0696,-0.0367,0.0068,0.0660,0.7054,,0.2500,,0.2500,,17,0,0,0
2020-05-19,VCT,,114,26,10,78,0,10,3,20,2,17,0,10,0,0,3,0,0,0,0,0,8,2,0,0,47965,11829,20890,0,0,0,0,55,0,59,0.0403,5.5117,5.4543,4.2798,-0.0471,0.0041,-0.0388,0.0095,0.0759,0.1978,,0.2000,,0.2000,,17,0,0,0
2020-05-20,VCT,,124,24,8,92,0,4,4,16,4,10,0,4,0,0,3,1,0,0,0,0,3,4,1,0,26277,9938,48160,0,0,0,0,43,0,81,-0.0747,5.4547,5.3994,4.2636,-0.0518,-0.0277,-0.0396,-0.0118,0.0693,0.2744,,0.5714,0.0000,0.5000,,17,0,0,0
2020-05-21,VCT,,120,24,5,91,0,6,5,18,2,16,0,6,0,0,5,0,0,0,0,0,5,5,0,0,53047,21804,30764,0,0,0,0,49,0,71,0.0050,5.3690,5.3465,4.2718,-0.0376,-0.0564,-0.0404,0.0008,0.0705,0.2913,,0.5000,,0.5000,,18,1,0,0
2020-05-22,VCT,,102,41,1,60,0,4,3,32,3,29,0,4,0,0,2,1,0,0,0,0,4,3,0,0,6535,13274,21302,0,0,0,0,26,0,76,-0.0208,5.5236,5.3631,4.3316,-0.0407,-0.0491,-0.0500,0.0090,0.0704,0.6701,,0.4286,,0.4286,,18,0,0,0
2020-05-23,VCT,,115,19,4,92,0,2,3,16,4,11,0,2,0,0,3,0,0,0,0,0,2,3,0,0,1943,5069,20257,0,0,0,0,49,0,66,-0.1763,5.1170,5.1500,4.2798,-0.0243,-0.0500,-0.0491,-0.0047,0.0758,0.7229,,0.6000,,0.6000,,18,0,0,0
2020-05-24,VCT,,130,19,3,108,0,4,4,8,3,4,0,4,0,0,3,1,0,0,0,0,2,3,0,0,77172,69486,4270,0,0,0,0,52,0,78,-0.0149,5.5707,5.4313,4.2874,-0.0255,-0.0405,-0.0389,0.0108,0.0746,0.4738,,0.6000,,0.6000,,18,0,0,0
2020-05-25,VCT,,82,19,2,61,0,2,2,11,2,9,0,2,0,0,0,1,1,0,0,0,0,2,0,0,164,16958,10760,0,0,0,0,39,0,43,0.0294,5.5311,5.4765,4.2301,-0.1153,-0.0801,-0.0414,0.0010,0.0703,0.9904,,1.0000,,1.0000,,18,0,0,0
2020-05-26,VCT,,117,35,8,74,0,3,3,23,2,19,0,3,0,0,2,1,0,0,0,0,1,3,1,0,9200,3211,34119,0,0,0,0,66,0,51,-0.1077,5.3280,5.3573,4.2255,-0.0407,-0.0124,-0.0367,0.0273,0.0728,0.2587,,0.7500,0.0000,0.6000,,18,0,0,0
2020-05-27,VCT,,92,15,4,73,0,3,0,10,4,6,0,3,0,0,0,0,0,0,0,0,3,0,0,0,6798,0,4623,0,0,0,0,42,1,49,-0.0986,5.3429,5.3926,4.2442,-0.0335,-0.0162,-0.0446,-0.0294,0.0752,0.0000,,0.0000,,0.0000,,18,0,0,0
2020-05-28,VCT,,136,32,7,97,0,4,8,23,3,19,0,4,0,0,6,2,0,0,0,0,3,6,1,0,12867,51185,22751,0,0,0,0,70,0,66,-0.0427,5.3709,5.3033,4.2393,-0.0404,-0.0457,-0.0480,-0.0567,0.0805,0.7991,,0.6667,0.0000,0.6000,,18,0,0,0
2020-05-29,VCT,,153,78,4,71,0,9,2,54,0,52,1,8,0,0,2,0,0,0,0,0,3,2,1,0,26517,5844,33665,0,0,0,0,74,0,79,-0.0670,5.1158,5.4530,4.5618,,0.0553,-0.0437,0.0333,0.0737,0.1806,,0.4000,0.0000,0.3333,,25,7,0,0
2020-05-30,VCT,,106,20,4,82,0,2,1,9,0,8,0,2,0,0,0,1,0,0,0,0,0,1,0,0,66958,842,13250,0,0,0,0,34,0,72,-0.1939,5.5108,5.4378,4.3167,-0.0579,-0.0179,-0.0419,-0.0142,0.0671,0.0124,,1.0000,,1.0000,,26,1,0,0
2020-05-31,VCT,,116,58,6,52,0,1,0,54,0,54,0,1,0,0,0,0,0,0,0,0,1,0,0,0,5701,0,14111,0,0,0,0,76,0,40,-0.0983,5.2828,5.4246,4.6523,,-0.0037,-0.0463,0.0112,0.0747,0.0000,,0.0000,,0.0000,,26,0,0,0
2020-06-01,VCT,,107,46,4,57,0,1,0,36,1,35,0,1,0,0,0,0,0,0,0,0,1,0,0,0,82,0,13093,0,0,0,0,54,0,53,0.0030,5.3750,5.5719,4.4694,-0.0966,,-0.0492,-0.0115,0.0790,0.0000,,0.0000,,0.0000,,26,0,0,0
2020-06-02,VCT,,68,15,1,52,0,0,4,7,0,5,0,0,0,0,4,0,0,0,0,0,0,3,0,0,0,1163,3529,0,0,0,0,25,0,43,-0.0677,5.4366,5.3241,4.3059,-0.0801,-0.0337,-0.0165,0.0274,0.0576,1.0000,,1.0000,,1.0000,,26,0,0,0
2020-06-03,VCT,,65,12,5,48,0,2,0,8,1,7,0,2,0,0,0,0,0,0,0,0,2,0,0,0,5106,0,27424,0,0,0,0,26,0,39,-0.2627,5.3848,5.4554,4.2001,-0.0473,-0.0468,-0.0389,-0.0103,0.0696,0.0000,,0.0000,,0.0000,,26,0,0,0
2020-06-04,VCT,,91,20,7,64,0,5,0,10,2,7,0,5,0,0,0,0,0,0,0,0,4,0,0,0,16039,0,6705,0,0,0,0,42,0,49,-0.1456,5.4005,5.3458,4.2918,-0.0469,-0.0966,-0.0367,0.0160,0.0715,0.0000,,0.0000,,0.0000,,26,0,0,0
2020-06-05,VCT,,82,14,3,65,0,3,3,8,3,4,0,3,0,0,3,0,0,0,0,0,3,1,0,1,53553,3505,22052,0,0,0,0,22,0,60,0.0826,5.4218,5.3879,4.3072,-0.0411,,-0.0429,0.0112,0.0752,0.0614,,0.2500,1.0000,0.4000,,26,0,0,0
2020-06-06,VCT,,60,14,2,44,0,1,5,7,0,7,0,1,0,0,4,1,0,0,0,0,0,2,0,0,23,29413,51175,0,0,0,0,30,0,30,-0.1884,5.3342,5.3126,4.2700,0.0013,0.0017,-0.0462,0.0119,0.0769,0.9992,,1.0000,,1.0000,,26,0,0,0
2020-06-07,VCT,,68,20,6,42,0,3,1,8,1,7,0,3,0,0,0,1,0,0,0,0,3,1,0,0,23445,3423,10811,0,0,0,0,34,0,34,-0.2591,5.0789,5.1611,4.3728,-0.0413,-0.0491,-0.0437,-0.0102,0.0796,0.1274,,0.2500,,0.2500,,26,0,0,0
2020-06-08,VCT,,64,11,5,48,0,8,1,3,1,1,0,8,0,0,0,1,0,0,0,0,3,1,1,0,93324,3413,9294,0,0,0,0,25,0,39,-0.0339,5.3381,5.3602,4.2159,0.0200,,-0.0368,0.0151,0.0700,0.0353,,0.2500,0.0000,0.2000,,26,0,0,0
2020-06-09,VCT,,75,19,4,52,0,8,1,11,1,9,0,8,0,0,1,0,0,0,0,0,7,0,0,0,19247,33838,12165,0,0,0,0,28,0,47,-0.0946,5.0666,5.1811,4.2926,-0.0512,-0.0212,-0.0358,-0.0171,0.0757,0.6374,,0.0000,,0.0000,,27,1,0,0
2020-06-10,VCT,,75,19,2,54,0,3,0,8,2,6,0,3,0,0,0,0,0,0,0,0,3,0,0,0,8453,0,38764,0,0,0,0,45,0,30,-0.1307,5.0935,5.2222,4.3331,-0.0381,-0.0444,-0.0406,-0.0167,0.0711,0.0000,,0.0000,,0.0000,,27,0,0,0
2020-06-11,VCT,,79,15,1,63,0,5,2,5,1,4,0,5,0,0,2,0,0,0,0,0,2,2,0,0,105190,6830,20599,0,0,0,0,39,0,40,-0.2299,5.3092,5.2810,4.2479,,,-0.0514,0.0057,0.0825,0.0610,,0.5000,,0.5000,,27,0,0,0
2020-06-12,VCT,,64,15,3,46,0,4,0,8,1,7,0,4,0,0,0,0,0,0,0,0,2,0,1,0,16208,0,20484,0,0,0,0,35,1,28,-0.0829,5.2628,5.3493,4.2256,-0.0540,,-0.0421,-0.0110,0.0731,0.0000,,0.0000,0.0000,0.0000,,27,0,0,0
2020-06-13,VCT,,39,7,5,27,0,2,3,5,1,4,0,2,0,1,0,1,1,0,0,0,2,1,0,1,1462,9444,19883,0,0,0,0,13,0,26,-0.2151,5.3427,5.2589,4.2918,-0.0402,-0.0491,-0.0441,0.0319,0.0680,0.8659,,0.3333,1.0000,0.5000,,27,0,0,0
2020-06-14,VCT,,73,20,4,49,0,2,0,8,1,7,0,2,0,0,0,0,0,0,0,0,1,0,0,0,862,0,8496,0,0,0,0,30,0,43,-0.1844,5.2855,5.1970,4.3792,-0.0137,0.0496,-0.0440,-0.0014,0.0775,0.0000,,0.0000,,0.0000,,27,0,0,0
2020-06-15,VCT,,69,16,3,50,0,3,2,7,3,4,0,3,0,0,2,0,0,0,0,0,1,1,1,0,7339,11658,24423,0,0,0,0,20,0,49,-0.1942,5.2448,5.3482,4.3676,-0.0565,-0.0491,-0.0539,-0.0496,0.0796,0.6137,,0.5000,0.0000,0.3333,,27,0,0,0
2020-06-16,VCT,,93,22,1,70,0,5,2,19,10,9,0,5,0,0,2,0,0,0,0,0,3,2,0,0,11204,9249,23460,0,0,0,0,41,0,52,-0.1754,5.4486,5.4417,4.2776,-0.0728,-0.0534,-0.0351,-0.0220,0.0727,0.4522,,0.4000,,0.4000,,27,0,0,0
2020-06-17,VCT,,98,21,1,76,0,6,0,12,2,10,0,6,0,0,0,0,0,0,0,0,6,0,0,0,42395,0,22132,0,0,0,0,45,0,53,-0.1051,5.3029,5.3154,4.1472,-0.0425,-0.0491,-0.0365,-0.0154,0.0642,0.0000,,0.0000,,0.0000,,29,2,0,0
2020-06-18,VCT,,90,19,7,64,0,14,2,4,1,3,0,14,0,0,2,0,0,0,0,0,11,1,0,0,60269,11644,7318,0,0,0,0,32,0,58,0.0523,5.5780,5.3531,4.3388,-0.0190,-0.0491,-0.0457,0.0072,0.0735,0.1619,,0.0833,,0.0833,,29,0,0,0
2020-06-19,VCT,,89,25,4,60,0,8,2,18,2,16,0,8,0,0,2,0,0,0,0,0,8,2,0,0,13646,1797,19114,0,0,0,0,27,0,62,-0.0661,5.4038,5.4567,4.2637,-0.0126,0.0001,-0.0452,-0.0533,0.0845,0.1164,,0.2000,,0.2000,,29,0,0,0
2020-06-20,VCT,,102,13,3,86,0,3,2,6,2,3,0,3,0,0,2,0,0,0,0,0,3,1,0,0,12309,11638,13128,0,0,0,0,33,0,69,-0.1624,5.3327,5.3772,4.2761,-0.0186,-0.0272,-0.0482,-0.0147,0.0711,0.4860,,0.2500,,0.2500,,29,0,0,0
2020-06-21,VCT,,77,11,3,63,0,3,2,4,0,4,0,3,0,0,1,1,0,0,0,0,3,2,0,0,7306,18416,2450,0,0,0,0,45,0,32,-0.1345,5.3228,5.4005,4.2674,-0.0672,-0.0354,-0.0477,0.0030,0.0745,0.7160,,0.4000,,0.4000,,29,0,0,0
2020-06-22,VCT,,97,21,2,74,0,2,0,12,2,10,0,2,0,0,0,0,0,0,0,0,2,0,0,0,13259,0,11438,0,0,0,0,40,0,57,-0.0582,5.4464,5.4194,4.1897,-0.0292,0.0492,-0.0424,-0.0202,0.0725,0.0000,,0.0000,,0.0000,,29,0,0,0
2020-06-23,VCT,,104,28,4,72,0,3,1,16,2,14,0,3,0,0,1,0,0,0,0,0,3,0,0,0,6519,5817,15948,0,0,0,0,39,0,65,-0.1048,5.5030,5.4346,4.1734,0.0465,,-0.0440,0.0198,0.0710,0.4715,,0.0000,,0.0000,,29,0,0,0
2020-06-24,VCT,,90,11,6,73,0,1,2,6,1,4,0,1,0,0,1,1,0,0,0,0,1,2,0,0,1374,8199,7465,0,0,0,0,24,2,64,-0.0520,5.4444,5.4166,4.2119,-0.0407,-0.0516,-0.0455,0.0014,0.0765,0.8565,,0.6667,,0.6667,,29,0,0,0
2020-06-25,VCT,,89,20,3,66,0,3,5,14,1,13,0,3,0,0,5,0,0,0,0,0,3,5,0,0,16935,25119,24159,0,0,0,0,48,0,41,-0.1018,5.4362,5.4029,4.4289,-0.0653,-0.0628,-0.0434,-0.0254,0.0765,0.5973,,0.6250,,0.6250,,29,0,0,0
2020-06-26,VCT,,134,28,5,101,0,6,3,17,1,15,0,6,0,0,2,1,0,0,0,0,6,3,0,0,18929,22296,14687,0,0,0,0,35,0,99,-0.0256,5.5585,5.4060,4.3131,-0.0275,-0.0249,-0.0372,0.0129,0.0734,0.5408,,0.3333,,0.3333,,29,0,0,0
2020-06-27,VCT,,82,17,2,63,0,4,0,10,1,9,1,3,0,0,0,0,0,0,0,0,4,0,0,0,8900,0,12671,0,0,0,0,32,0,50,-0.1934,5.3484,5.3670,4.3331,,,-0.0437,0.0150,0.0725,0.0000,,0.0000,,0.0000,,29,0,0,0
2020-06-28,VCT,,81,12,4,65,0,2,0,10,3,7,0,2,0,0,0,0,0,0,0,0,2,0,0,0,14200,0,10817,0,0,0,0,24,0,57,-0.0262,5.3747,5.3406,4.2670,-0.0578,-0.0856,-0.0300,0.0250,0.0605,0.0000,,0.0000,,0.0000,,29,0,0,0
2020-06-29,VCT,,91,19,8,64,0,4,2,10,2,8,1,3,0,0,1,1,0,0,0,0,3,2,0,0,49634,23677,6224,0,0,0,0,33,0,58,-0.0956,5.4359,5.3649,4.2782,-0.0552,0.0442,-0.0459,-0.0062,0.0756,0.3230,,0.4000,,0.4000,,29,0,0,0
2020-06-30,VCT,,110,9,6,95,0,1,4,6,1,5,0,1,0,0,2,0,2,0,0,0,1,4,0,0,146,18193,5949,0,0,0,0,56,0,54,-0.0860,5.4013,5.4478,4.3119,-0.0664,-0.0478,-0.0460,-0.0030,0.0762,0.9920,,0.8000,,0.8000,,29,0,0,0
2020-07-01,VCT,,99,22,4,73,0,4,0,8,2,6,0,4,0,0,0,0,0,0,0,0,3,0,0,0,12871,0,17050,0,0,0,0,46,0,53,-0.0213,5.2685,5.3414,4.2716,-0.0111,0.0126,-0.0292,0.0208,0.0679,0.0000,,0.0000,,0.0000,,29,0,0,0
2020-07-02,VCT,,101,26,8,67,0,4,5,12,0,12,0,4,0,0,1,4,0,0,0,0,2,4,1,0,20244,16843,7491,0,0,0,0,44,0,57,-0.0244,5.5404,5.3823,4.3124,,-0.0511,-0.0384,0.0008,0.0782,0.4541,,0.6667,0.0000,0.5714,,29,0,0,0
2020-07-03,VCT,,92,24,9,59,0,3,4,13,2,11,0,3,0,0,3,1,0,0,0,0,1,3,0,0,5372,24390,9803,0,0,0,0,37,0,55,-0.1337,5.4148,5.3980,4.3585,-0.0180,-0.0016,-0.0423,-0.0149,0.0734,0.8195,,0.7500,,0.7500,,29,0,0,0
2020-07-04,VCT,,88,11,4,73,0,13,4,5,1,3,0,13,0,0,4,0,0,0,0,0,12,3,1,0,51546,29938,22289,0,0,0,0,29,0,59,-0.0229,5.3310,5.3436,4.3721,-0.0138,-0.0331,-0.0348,-0.0045,0.0700,0.3674,,0.2000,0.0000,0.1875,,29,0,0,0
2020-07-05,VCT,,85,15,9,61,0,5,4,18,5,12,0,5,0,0,3,1,0,0,0,0,3,2,1,0,5693,42645,17614,0,0,0,0,33,0,52,-0.1690,5.3980,5.3956,4.3589,-0.0276,-0.0234,-0.0361,0.0268,0.0710,0.8822,,0.4000,0.0000,0.3333,,29,0,0,0
2020-07-06,VCT,,104,19,4,81,0,2,4,14,0,12,0,2,0,0,4,0,0,0,0,0,2,4,0,0,35501,16921,17083,0,0,0,0,37,0,67,-0.1201,5.3016,5.3358,4.3693,-0.0357,-0.0506,-0.0340,0.0029,0.0709,0.3228,,0.6667,,0.6667,,29,0,0,0
2020-07-07,VCT,,90,22,9,59,0,2,2,10,2,8,0,2,0,0,1,1,0,0,0,0,2,2,0,0,1624,8300,46526,0,0,0,0,35,0,55,0.0374,5.6492,5.4589,4.2643,-0.0407,-0.0167,-0.0386,0.0087,0.0779,0.8364,,0.5000,,0.5000,,29,0,0,0
2020-07-08,VCT,,91,23,3,65,0,6,2,13,4,9,0,6,0,0,2,0,0,0,0,0,4,2,1,0,7965,7209,16062,0,0,0,0,29,0,62,-0.0546,5.2614,5.2008,4.4585,-0.0362,-0.0368,-0.0389,-0.0096,0.0745,0.4751,,0.3333,0.0000,0.2857,,29,0,0,0
2020-07-09,VCT,,123,17,3,103,0,3,4,13,0,13,0,3,0,0,4,0,0,0,0,0,3,3,0,0,2553,12989,17385,0,0,0,0,64,1,58,0.1290,5.5291,5.4537,4.2949,-0.0686,-0.0672,-0.0377,-0.0059,0.0641,0.8357,,0.5000,,0.5000,,29,0,0,0
2020-07-10,VCT,,131,23,8,100,0,9,2,10,1,9,0,9,0,0,2,0,0,0,0,0,4,1,4,0,161424,298,7112,0,0,0,0,47,0,84,0.0690,5.6019,5.4670,4.1732,-0.0124,0.0483,-0.0366,0.0059,0.0666,0.0018,,0.2000,0.0000,0.1111,,29,0,0,0
2020-07-11,VCT,,95,19,1,75,0,5,3,8,2,5,1,4,0,0,3,0,0,0,0,0,4,3,0,0,52518,14173,12078,0,0,0,1,33,0,61,-0.1499,5.3562,5.3751,4.3527,,,-0.0428,0.0190,0.0746,0.2125,,0.4286,,0.4286,,29,0,0,0
2020-07-12,VCT,,186,44,8,134,0,4,8,31,4,25,0,4,0,0,8,0,0,0,0,0,2,7,0,0,22133,42192,48051,0,0,0,0,89,0,97,-0.1631,5.4560,5.3513,4.3324,-0.0411,-0.0559,-0.0474,0.0111,0.0746,0.6559,,0.7778,,0.7778,,29,0,0,0
2020-07-13,VCT,,142,34,6,102,0,2,3,21,3,17,0,2,0,0,1,1,1,0,0,0,1,3,0,0,36347,16401,13291,0,0,0,1,82,0,59,-0.0522,5.5708,5.4293,4.2557,-0.0591,-0.0408,-0.0384,0.0075,0.0727,0.3109,,0.7500,,0.7500,,35,6,0,0
2020-07-14,VCT,,99,22,6,71,0,2,2,17,2,12,0,2,0,0,2,0,0,0,0,0,0,1,0,0,40868,23779,31528,0,0,0,0,60,0,39,-0.0608,5.5170,5.4288,4.1704,-0.0526,-0.0591,-0.0329,-0.0045,0.0677,0.3678,,1.0000,,1.0000,,35,0,0,0
2020-07-15,VCT,,116,17,6,93,0,5,1,6,1,5,0,5,0,0,1,0,0,0,0,0,4,1,0,0,44165,64,6463,0,0,0,0,24,0,92,-0.1134,5.3088,5.3459,4.2084,-0.0563,-0.0540,-0.0449,-0.0269,0.0704,0.0014,,0.2000,,0.2000,,35,0,0,0
2020-07-16,VCT,,90,16,13,61,0,7,2,4,1,3,0,7,0,0,2,0,0,0,0,0,5,1,2,1,63732,23771,4191,0,0,0,0,14,0,76,-0.1552,5.2121,5.2822,4.3686,-0.0459,-0.0445,-0.0415,-0.0045,0.0720,0.2717,,0.1667,0.3333,0.2222,,35,0,0,0
2020-07-17,VCT,,103,22,7,74,0,4,2,7,0,5,1,3,0,0,2,0,0,0,0,0,3,2,0,0,28475,1872,11427,0,0,0,0,49,0,54,-0.1148,5.3466,5.2913,4.2590,-0.0397,0.0486,-0.0410,-0.0051,0.0713,0.0617,,0.4000,,0.4000,,35,0,0,0
2020-07-18,VCT,,98,25,6,67,0,4,1,12,2,9,0,4,0,0,1,0,0,0,0,0,3,0,0,0,51301,5845,4778,0,0,0,0,52,0,46,-0.0631,5.4645,5.4309,4.3712,,,-0.0460,-0.0118,0.0755,0.1023,,0.0000,,0.0000,,38,3,0,0
2020-07-19,VCT,,114,27,5,82,0,5,0,14,2,12,0,5,0,0,0,0,0,0,0,0,4,0,0,0,12330,0,28048,0,0,0,0,42,0,72,-0.0952,5.3243,5.3489,4.3597,-0.0480,-0.0511,-0.0344,0.0089,0.0642,0.0000,,0.0000,,0.0000,,44,6,0,0
2020-07-20,VCT,,111,31,4,76,0,10,1,13,2,10,1,9,0,0,1,0,0,0,0,0,7,1,0,0,59828,5848,16482,0,0,0,0,32,0,79,0.0853,5.4866,5.4532,4.3135,-0.0567,-0.0289,-0.0381,-0.0072,0.0708,0.0890,,0.1250,,0.1250,,50,6,0,0
2020-07-21,VCT,,126,17,8,101,0,6,1,10,2,8,0,6,0,0,1,0,0,0,0,0,5,1,0,0,93367,1382,27099,0,0,0,0,57,0,69,-0.0467,5.4803,5.4392,4.2718,,0.0486,-0.0466,0.0055,0.0739,0.0146,,0.1667,,0.1667,,50,0,0,0
2020-07-22,VCT,,120,22,5,93,0,0,1,9,1,7,0,0,0,0,1,0,0,0,0,0,0,1,0,0,0,3643,6920,0,0,0,0,25,0,95,-0.1211,5.3568,5.3370,4.3276,0.0412,,-0.0466,0.0333,0.0764,1.0000,,1.0000,,1.0000,,50,0,0,0
2020-07-23,VCT,,99,15,2,82,0,4,3,8,0,8,0,4,0,0,3,0,0,0,0,0,3,2,0,0,7372,7916,11854,0,0,0,0,36,0,63,0.1188,5.5692,5.4639,4.2162,-0.0581,,-0.0352,0.0331,0.0715,0.5178,,0.4000,,0.4000,,50,0,0,0
2020-07-24,VCT,,83,11,6,66,0,3,4,5,1,3,0,3,0,0,4,0,0,0,0,0,3,2,0,0,7476,17596,12456,0,0,0,0,26,0,57,-0.0744,5.3912,5.3463,4.1386,-0.0520,-0.0203,-0.0454,0.0049,0.0771,0.7018,,0.4000,,0.4000,,52,2,0,0
2020-07-25,VCT,,91,12,2,77,0,1,4,3,1,2,0,1,0,0,4,0,0,0,0,0,1,2,0,0,5849,14476,16585,0,0,0,0,27,0,64,-0.1318,5.4384,5.3628,4.2684,,,-0.0341,0.0333,0.0663,0.7122,,0.6667,,0.6667,,52,0,0,0
2020-07-26,VCT,,105,14,2,89,0,6,0,7,3,4,0,6,0,0,0,0,0,0,0,0,4,0,0,0,53896,0,22631,0,0,0,0,44,0,61,-0.1719,5.2847,5.2661,4.3672,-0.0200,-0.0118,-0.0474,0.0042,0.0719,0.0000,,0.0000,,0.0000,,52,0,0,0
2020-07-27,VCT,,100,16,3,81,0,7,1,16,2,11,0,7,0,1,0,0,0,0,0,0,5,1,0,0,43621,1382,10999,0,0,0,0,52,0,48,-0.0984,5.3320,5.3140,4.2573,-0.0407,-0.0491,-0.0451,-0.0190,0.0781,0.0307,,0.1667,,0.1667,,52,0,0,0
2020-07-28,VCT,,92,15,2,75,0,5,4,7,0,5,0,5,0,1,3,0,0,0,0,0,4,3,0,0,12003,12239,26141,0,0,0,0,46,0,46,-0.0795,5.4311,5.4074,4.3001,-0.0901,-0.0683,-0.0382,0.0001,0.0720,0.5049,,0.4286,,0.4286,,52,0,0,0
2020-07-29,VCT,,70,10,2,58,0,5,3,3,0,3,0,5,0,0,1,2,0,0,0,0,3,3,0,0,36772,26753,2196,0,0,0,0,38,0,32,-0.0027,5.4897,5.4456,4.3388,-0.0350,0.0004,-0.0475,-0.0003,0.0726,0.4211,,0.5000,,0.5000,,52,0,0,0
2020-07-30,VCT,,85,19,4,62,0,3,5,11,4,6,1,2,0,0,4,1,0,0,0,0,2,3,1,0,2994,5414,96159,0,0,0,0,31,0,54,-0.1855,5.3301,5.3860,4.3146,0.0451,0.0041,-0.0422,-0.0089,0.0775,0.6439,,0.6000,0.0000,0.5000,,52,0,0,0
2020-07-31,VCT,,76,21,7,48,0,1,0,14,1,12,0,1,0,0,0,0,0,0,0,0,1,0,0,0,66,0,18144,0,0,0,0,20,0,56,0.0563,5.4276,5.3850,4.3184,-0.0516,-0.0491,-0.0521,0.0287,0.0831,0.0000,,0.0000,,0.0000,,52,0,0,0
2020-08-01,VCT,,92,21,9,62,0,6,5,10,0,10,0,6,0,0,5,0,0,0,0,0,5,4,0,0,38364,27399,8225,0,0,0,0,29,0,63,-0.1185,5.4751,5.4280,4.1856,-0.0591,-0.0561,-0.0455,-0.0161,0.0728,0.4166,,0.4444,,0.4444,,54,2,0,0
2020-08-02,VCT,,67,16,1,50,0,0,2,8,1,7,0,0,0,0,2,0,0,0,0,0,0,2,0,0,0,6380,7880,0,0,0,0,25,0,42,-0.1124,5.6162,5.5332,4.3429,,0.0536,-0.0527,0.0333,0.0729,1.0000,,1.0000,,1.0000,,55,1,0,0
2020-08-03,VCT,,90,19,4,67,0,4,1,8,2,6,0,4,0,0,1,0,0,0,0,0,2,1,0,0,9186,5870,28859,0,0,0,0,36,0,54,-0.0720,5.3612,5.3187,4.2452,-0.0559,-0.0269,-0.0261,0.0060,0.0659,0.3899,,0.3333,,0.3333,,55,0,0,0
2020-08-04,VCT,,76,9,4,63,0,8,4,8,1,7,1,7,0,0,3,0,1,0,0,0,6,4,0,0,73796,9953,6200,0,0,0,0,34,0,42,-0.1384,5.2094,5.2519,4.2504,-0.0407,,-0.0553,0.0333,0.0775,0.1188,,0.4000,,0.4000,,55,0,0,0
2020-08-05,VCT,,83,17,4,62,0,5,4,8,0,6,0,5,0,0,4,0,0,0,0,0,2,4,0,0,36404,12559,21617,0,0,0,0,30,0,53,-0.1323,5.3226,5.2773,4.3786,-0.0407,-0.0356,-0.0401,-0.0079,0.0718,0.2565,,0.6667,,0.6667,,55,0,0,0
2020-08-06,VCT,,85,11,3,71,0,2,3,9,2,7,0,2,0,0,2,1,0,0,0,0,1,3,0,0,41509,8563,9962,0,0,0,0,50,0,35,0.0742,5.4988,5.4395,4.2675,-0.0407,-0.0244,-0.0509,-0.0279,0.0804,0.1710,,0.7500,,0.7500,,56,1,0,0
2020-08-07,VCT,,102,22,4,76,0,5,2,11,3,7,0,5,0,0,1,1,0,0,0,0,1,2,1,0,14908,4135,45617,0,0,0,0,31,0,71,-0.0760,5.4393,5.4016,4.2602,-0.0318,-0.0489,-0.0498,-0.0097,0.0786,0.2171,,0.6667,0.0000,0.5000,,56,0,0,0
2020-08-08,VCT,,65,8,2,55,0,4,0,10,3,7,0,4,0,0,0,0,0,0,0,0,3,0,0,0,24423,0,24271,0,0,0,0,30,0,35,-0.0468,5.3413,5.3852,4.3256,-0.0264,,-0.0455,0.0067,0.0700,0.0000,,0.0000,,0.0000,,56,0,0,0
2020-08-09,VCT,,91,14,3,74,0,4,4,10,5,4,0,4,0,0,3,1,0,0,0,0,4,4,0,0,5444,8228,8555,0,0,0,0,25,0,66,-0.0693,5.2687,5.2439,4.3816,-0.0409,-0.0501,-0.0487,0.0050,0.0766,0.6018,,0.5000,,0.5000,,56,0,0,0
2020-08-10,VCT,,60,12,2,46,0,1,3,5,0,4,0,1,0,0,3,0,0,0,0,0,1,3,0,0,4365,5885,1493,0,0,0,0,27,0,33,0.0991,5.6700,5.3760,4.3498,0.0452,0.0563,-0.0503,0.0161,0.0728,0.5741,,0.7500,,0.7500,,57,1,0,0
2020-08-11,VCT,,98,15,5,78,0,6,0,15,4,11,0,6,0,0,0,0,0,0,0,0,6,0,0,0,3109,0,19277,0,0,0,0,36,0,62,0.0921,5.6389,5.3948,4.2435,0.0457,,-0.0345,0.0286,0.0729,0.0000,,0.0000,,0.0000,,57,0,0,0
2020-08-12,VCT,,70,11,3,56,0,6,2,13,7,5,1,5,0,0,2,0,0,0,0,0,5,2,0,0,5676,18227,34600,0,0,0,0,11,0,59,-0.0105,5.3264,5.3330,4.2120,-0.0407,-0.0491,-0.0331,0.0333,0.0732,0.7625,,0.2857,,0.2857,,57,0,0,0
2020-08-13,VCT,,70,20,5,45,0,0,2,16,2,14,0,0,0,0,2,0,0,0,0,0,0,1,0,0,0,10613,9698,0,0,0,0,23,0,47,-0.1191,5.3986,5.4149,4.2784,-0.0559,-0.0476,-0.0311,0.0164,0.0691,1.0000,,1.0000,,1.0000,,57,0,0,0
2020-08-14,VCT,,74,13,7,54,0,4,1,13,2,10,0,4,0,0,1,0,0,0,0,0,2,0,0,0,47790,5871,9456,0,0,0,0,32,0,42,0.0878,5.3709,5.3470,4.3192,,,-0.0403,-0.0336,0.0711,0.1094,,0.0000,,0.0000,,57,0,0,0
2020-08-15,VCT,,83,19,5,59,0,4,0,14,2,12,0,4,0,0,0,0,0,0,0,0,1,0,0,0,50505,0,16282,0,0,0,0,26,0,57,-0.0724,5.5562,5.6486,4.3079,0.0001,0.0236,-0.0448,0.0118,0.0726,0.0000,,0.0000,,0.0000,,57,0,0,0
2020-08-16,VCT,,44,13,4,27,0,1,1,7,0,7,0,1,0,0,1,0,0,0,0,0,1,1,0,0,61,18061,1877,0,0,0,0,12,0,32,-0.2609,5.2418,5.2101,4.2406,-0.0412,,-0.0423,-0.0079,0.0645,0.9966,,0.5000,,0.5000,,57,0,0,0
2020-08-17,VCT,,93,26,2,65,0,3,1,26,4,22,0,3,0,0,1,0,0,0,0,0,3,1,0,0,1984,229,26154,0,0,0,0,37,0,56,-0.0440,5.4674,5.4540,4.2953,0.0412,0.0491,-0.0506,-0.0180,0.0782,0.1035,,0.2500,,0.2500,,57,0,0,0
2020-08-18,VCT,,63,15,3,45,0,2,1,7,1,5,0,2,0,0,0,1,0,0,0,0,2,1,0,0,7256,4742,4357,0,0,0,0,15,0,48,-0.1437,5.3608,5.3805,4.3774,-0.0209,-0.0008,-0.0425,0.0116,0.0732,0.3952,,0.3333,,0.3333,,58,1,0,0
2020-08-19,VCT,,79,13,5,61,0,4,0,8,2,6,1,3,0,0,0,0,0,0,0,0,3,0,1,0,5568,0,5862,0,0,0,0,23,0,56,0.0289,5.6190,5.4565,4.2787,,0.0565,-0.0471,0.0321,0.0714,0.0000,,0.0000,0.0000,0.0000,,58,0,0,0
2020-08-20,VCT,,64,18,4,42,0,2,1,8,0,7,0,2,0,0,1,0,0,0,0,0,2,0,0,0,5953,18058,10457,0,0,0,0,20,0,44,-0.1259,5.4309,5.3339,4.3547,-0.0407,-0.0491,-0.0593,-0.0495,0.0846,0.7521,,0.0000,,0.0000,,58,0,0,0
2020-08-21,VCT,,89,24,12,53,0,4,1,9,0,9,0,4,0,0,0,0,1,0,0,0,3,1,0,0,6934,18072,6294,0,0,0,0,50,0,39,-0.0062,5.4958,5.3177,4.3084,0.0421,,-0.0389,0.0233,0.0724,0.7227,,0.2500,,0.2500,,58,0,0,0
2020-08-22,VCT,,51,8,6,37,0,2,4,3,0,3,1,1,0,0,4,0,0,0,0,0,0,1,1,0,300,21008,2761,0,0,0,0,16,0,35,-0.1922,5.3189,5.2902,4.3379,-0.0476,,-0.0510,-0.0341,0.0814,0.9859,,1.0000,0.0000,0.5000,,58,0,0,0
2020-08-23,VCT,,131,16,6,109,0,4,6,10,2,7,0,4,0,0,3,2,1,0,0,0,2,5,0,0,2391,38552,27606,0,0,0,0,49,0,82,-0.1627,5.4368,5.3497,4.3363,-0.0269,-0.0002,-0.0266,0.0217,0.0629,0.9416,,0.7143,,0.7143,,58,0,0,0
2020-08-24,VCT,,85,24,7,54,0,0,1,8,3,5,0,0,0,0,0,1,0,0,0,0,0,1,0,0,0,18188,18455,0,0,0,0,28,0,57,0.0164,5.4738,5.3778,4.3375,-0.0028,0.0474,-0.0539,,0.0816,1.0000,,1.0000,,1.0000,,58,0,0,0
2020-08-25,VCT,,70,16,7,47,0,3,5,10,0,10,0,3,0,0,5,0,0,0,0,0,1,5,0,0,13652,10539,4102,0,0,0,0,32,0,38,-0.1552,5.4061,5.3667,4.2427,-0.0439,-0.0274,-0.0490,-0.0121,0.0816,0.4357,,0.8333,,0.8333,,58,0,0,0
2020-08-26,VCT,,90,29,3,58,0,4,5,17,0,17,1,3,0,0,5,0,0,0,0,0,3,4,1,0,865,16291,4947,0,0,0,0,39,0,51,0.1085,5.6449,5.4670,4.1704,-0.0206,-0.0491,-0.0485,-0.0121,0.0787,0.9496,,0.5714,0.0000,0.5000,,58,0,0,0
2020-08-27,VCT,,83,21,4,58,0,4,1,18,1,17,0,4,0,0,1,0,0,0,0,0,4,1,0,0,12644,1377,13857,0,0,0,0,31,0,52,-0.0816,5.4180,5.3749,4.2795,-0.0475,-0.0511,-0.0519,-0.0089,0.0770,0.0982,,0.2000,,0.2000,,58,0,0,0
2020-08-28,VCT,,91,22,6,63,0,1,0,18,2,15,0,1,0,0,0,0,0,0,0,0,1,0,0,0,518,0,9348,0,0,0,0,39,0,52,-0.0157,5.4818,5.4342,4.1997,-0.0509,,-0.0449,0.0054,0.0806,0.0000,,0.0000,,0.0000,,60,2,0,0
2020-08-29,VCT,,85,12,1,72,0,1,0,5,0,4,0,1,0,0,0,0,0,0,0,0,1,0,0,0,5878,0,1114,0,0,0,0,26,0,59,-0.1214,5.3930,5.2984,4.3984,-0.0120,-0.0017,-0.0508,-0.0353,0.0797,0.0000,,0.0000,,0.0000,,60,0,0,0
2020-08-30,VCT,,68,10,11,47,0,1,0,9,0,9,0,1,0,0,0,0,0,0,0,0,1,0,0,0,110,0,12307,0,0,0,0,29,0,39,-0.0698,5.3613,5.3433,4.3984,-0.0821,-0.0706,-0.0415,-0.0178,0.0766,0.0000,,0.0000,,0.0000,,60,0,0,0
2020-08-31,VCT,,85,12,11,62,0,4,3,5,0,4,1,3,0,0,3,0,0,0,0,0,2,2,1,0,18890,24157,3163,0,0,0,0,37,0,48,0.0446,5.4156,5.3731,4.3827,,0.0457,-0.0467,-0.0138,0.0789,0.5612,,0.5000,0.0000,0.4000,,60,0,0,0
2020-09-01,VCT,,88,25,3,60,0,8,1,14,1,13,0,8,0,1,0,0,0,0,0,0,4,1,1,0,79791,471,4773,0,0,0,0,28,0,60,-0.1229,5.2440,5.2897,4.3301,0.0021,0.0231,-0.0256,0.0249,0.0622,0.0059,,0.2000,0.0000,0.1667,,60,0,0,0
2020-09-02,VCT,,114,22,9,83,0,6,3,8,5,3,0,6,0,0,1,2,0,0,0,0,4,0,0,1,8009,1171,4712,0,0,0,0,43,0,71,-0.1158,5.5187,5.4312,4.2955,-0.0407,-0.0491,-0.0438,0.0333,0.0685,0.1276,,0.0000,1.0000,0.2000,,61,1,0,0
2020-09-03,VCT,,114,18,8,88,0,5,0,8,0,8,0,5,0,0,0,0,0,0,0,0,5,0,0,0,6605,0,6619,0,0,0,0,46,0,68,-0.0942,5.4976,5.4813,4.3599,-0.0108,0.0053,-0.0367,0.0213,0.0745,0.0000,,0.0000,,0.0000,,61,0,0,0
2020-09-04,VCT,,69,16,8,45,0,4,2,7,0,7,2,2,0,0,0,2,0,0,0,0,2,0,1,1,830,274,3996,0,0,0,0,27,0,42,0.0327,5.4573,5.3048,4.1697,-0.0407,-0.0391,-0.0362,0.0333,0.0672,0.2482,,0.0000,0.5000,0.2500,,61,0,0,0
2020-09-05,VCT,,49,9,2,38,0,2,2,9,5,3,0,2,0,0,2,0,0,0,0,0,2,2,0,0,1535,3804,9672,0,0,0,0,12,0,37,-0.2868,5.0370,5.0499,4.4102,-0.0495,-0.0488,-0.0440,-0.0087,0.0640,0.7125,,0.5000,,0.5000,,61,0,0,0
2020-09-06,VCT,,44,13,1,30,0,0,0,8,1,7,0,0,0,0,0,0,0,0,0,0,0,0,0,0,0,0,2138,0,0,0,0,17,0,27,-0.1650,5.3039,5.2874,4.2559,-0.0407,-0.0491,-0.0353,0.0030,0.0716,,,,,,,61,0,0,0
2020-09-07,VCT,,85,10,4,71,0,2,1,20,11,8,0,2,0,0,0,1,0,0,0,0,2,0,0,0,802,1523,40098,0,0,0,0,17,0,68,-0.0162,5.3509,5.3910,4.3270,-0.0804,-0.0705,-0.0397,-0.0058,0.0602,0.6551,,0.0000,,0.0000,,61,0,0,0
2020-09-08,VCT,,94,19,11,64,0,2,0,9,2,7,0,2,0,0,0,0,0,0,0,0,1,0,0,0,22710,0,41229,0,0,0,2,44,0,48,-0.1078,5.5229,5.4429,4.3030,,,-0.0404,0.0053,0.0725,0.0000,,0.0000,,0.0000,,62,1,0,0
2020-09-09,VCT,,105,7,11,87,0,3,4,6,0,6,0,3,0,0,3,0,1,0,0,0,3,4,0,0,37978,27074,383,0,0,0,0,34,0,71,-0.1511,5.3906,5.3457,4.2348,-0.0616,-0.0547,-0.0373,0.0029,0.0693,0.4162,,0.5714,,0.5714,,62,0,0,0
2020-09-10,VCT,,129,18,11,100,0,11,2,6,0,6,0,11,0,0,1,0,1,0,0,0,8,1,2,1,96578,20197,1798,0,0,0,0,56,0,73,-0.2736,5.2159,5.2364,4.3884,-0.0338,0.0188,-0.0436,-0.0146,0.0759,0.1730,,0.1111,0.3333,0.1667,,62,0,0,0
2020-09-11,VCT,,74,9,3,62,0,3,1,7,3,4,0,3,0,0,1,0,0,0,0,0,1,1,1,0,40574,1379,16684,0,0,0,1,27,0,46,-0.1462,5.5311,5.4643,4.2353,-0.0405,,-0.0434,0.0202,0.0771,0.0329,,0.5000,0.0000,0.3333,,62,0,0,0
2020-09-12,VCT,,81,18,3,60,0,6,2,11,1,10,0,6,0,1,1,0,0,0,0,0,3,1,0,0,146693,7484,5170,0,0,0,0,37,0,44,-0.0250,5.4813,5.4481,4.2985,-0.0275,-0.0728,-0.0424,-0.0054,0.0691,0.0485,,0.2500,,0.2500,,64,2,0,0
2020-09-13,VCT,,93,20,2,71,0,5,1,20,6,14,0,5,0,0,0,0,1,0,0,0,5,1,0,0,13431,18325,17244,0,0,0,0,53,0,40,-0.0938,5.3185,5.3844,4.3470,-0.0193,0.0530,-0.0448,0.0333,0.0769,0.5771,,0.1667,,0.1667,,64,0,0,0
2020-09-14,VCT,,81,17,5,59,0,0,2,8,3,5,0,0,0,0,2,0,0,0,0,0,0,2,0,0,0,6836,13569,0,0,0,1,32,0,48,-0.2053,5.2822,5.2754,4.2448,-0.0804,-0.0705,-0.0445,-0.0183,0.0740,1.0000,,1.0000,,1.0000,,64,0,0,0
2020-09-15,VCT,,65,14,7,44,0,3,2,7,3,4,0,3,0,0,1,1,0,0,0,0,1,2,0,0,3249,18450,7711,0,0,0,0,39,0,26,0.0373,5.4514,5.3873,4.1704,,,-0.0450,0.0114,0.0790,0.8503,,0.6667,,0.6667,,64,0,0,0
2020-09-16,VCT,,106,25,4,77,0,2,3,15,1,13,0,2,0,0,2,1,0,0,0,0,2,2,0,0,5954,25518,25047,0,0,0,0,43,0,63,0.0153,5.6244,5.3897,4.2294,-0.0021,,-0.0513,-0.0103,0.0776,0.8108,,0.5000,,0.5000,,64,0,0,0
2020-09-17,VCT,,145,29,8,108,0,3,1,18,2,16,0,3,0,0,0,1,0,0,0,0,1,1,1,0,6332,3730,22281,0,0,0,0,42,0,103,-0.0071,5.3760,5.4001,4.2170,0.0078,-0.0234,-0.0490,-0.0106,0.0776,0.3707,,0.5000,0.0000,0.3333,,64,0,0,0
2020-09-18,VCT,,107,27,4,76,0,4,0,16,0,16,0,4,0,0,0,0,0,0,0,0,2,0,0,0,18047,0,9674,0,0,0,0,44,0,63,-0.1389,5.1310,5.3038,4.2760,-0.0518,,-0.0498,-0.0093,0.0739,0.0000,,0.0000,,0.0000,,64,0,0,0
2020-09-19,VCT,,64,11,2,51,0,5,0,7,3,4,1,4,0,0,0,0,0,0,0,0,5,0,0,0,21221,0,1946,0,0,0,0,23,0,41,-0.0897,5.4433,5.3442,4.1803,-0.0372,-0.0459,-0.0421,-0.0099,0.0644,0.0000,,0.0000,,0.0000,,64,0,0,0
2020-09-20,VCT,,106,43,4,59,0,1,5,39,5,34,0,1,0,0,4,1,0,0,0,0,0,5,0,0,26,15281,8830,0,0,0,0,33,0,73,0.0518,5.4088,5.4878,4.1946,-0.0625,-0.0491,-0.0435,0.0005,0.0709,0.9983,,1.0000,,1.0000,,64,0,0,0
2020-09-21,VCT,,106,15,4,87,0,10,3,3,0,2,0,10,0,0,3,0,0,0,0,0,9,3,0,0,13331,11022,3705,0,0,0,0,30,0,76,-0.1095,5.1489,5.2252,4.3157,-0.0455,-0.0497,-0.0333,0.0333,0.0686,0.4526,,0.2500,,0.2500,,64,0,0,0
2020-09-22,VCT,,98,15,9,74,0,4,1,8,3,4,0,4,0,0,1,0,0,0,0,0,4,0,0,0,20649,5908,12070,0,0,0,1,41,0,56,-0.1060,5.5305,5.4341,4.3055,,-0.0003,-0.0453,0.0230,0.0726,0.2225,,0.0000,,0.0000,,64,0,0,0
2020-09-23,VCT,,94,20,1,73,0,1,4,9,4,5,0,1,0,0,3,1,0,0,0,0,0,3,0,0,808,30073,8052,0,0,0,0,56,0,38,-0.1720,5.3431,5.2645,4.3987,-0.0407,-0.0491,-0.0471,0.0200,0.0730,0.9738,,1.0000,,1.0000,,64,0,0,0
2020-09-24,VCT,,59,10,4,45,0,0,0,3,0,3,0,0,0,0,0,0,0,0,0,0,0,0,0,0,0,0,1598,0,0,0,0,30,0,29,-0.1578,5.2874,5.2907,4.4105,,,-0.0395,0.0067,0.0744,,,,,,,64,0,0,0
2020-09-25,VCT,,80,16,4,60,0,1,0,7,0,7,0,1,0,0,0,0,0,0,0,0,0,0,0,0,1453,0,5204,0,0,0,0,25,0,55,-0.0846,5.4828,5.4371,4.3586,-0.0434,,-0.0411,0.0153,0.0766,0.0000,,,,,,64,0,0,0
2020-09-26,VCT,,46,5,3,38,0,0,0,1,0,1,0,0,0,0,0,0,0,0,0,0,0,0,0,0,0,0,5906,0,0,0,0,18,0,28,0.1015,5.4927,5.3509,4.2311,,,-0.0443,-0.0191,0.0788,,,,,,,64,0,0,0
2020-09-27,VCT,,34,12,2,20,0,3,2,7,0,7,0,3,0,0,2,0,0,0,0,0,0,2,0,0,13062,11802,8425,0,0,0,0,9,0,25,-0.1827,5.4595,5.4011,4.2912,,,-0.0351,0.0333,0.0650,0.4747,,1.0000,,1.0000,,64,0,0,0
2020-09-28,VCT,,44,7,4,33,0,1,0,6,0,5,0,1,0,0,0,0,0,0,0,0,0,0,1,0,887,0,5311,0,0,0,0,18,0,26,-0.1022,5.3283,5.3364,4.3006,-0.0409,-0.0491,-0.0426,-0.0063,0.0699,0.0000,,,0.0000,0.0000,,64,0,0,0
2020-09-29,VCT,,89,19,4,66,0,3,2,5,1,3,0,3,0,1,1,0,0,0,0,0,3,1,0,0,6106,18574,6231,0,0,0,0,34,0,55,-0.0790,5.4615,5.4300,4.3186,-0.0283,-0.0558,-0.0332,0.0189,0.0728,0.7526,,0.2500,,0.2500,,64,0,0,0
2020-09-30,VCT,,63,11,3,49,0,2,2,7,0,4,0,2,0,0,2,0,0,0,0,0,2,2,0,0,9686,4723,18634,0,0,0,0,28,0,35,-0.1717,5.2336,5.2369,4.2577,-0.0390,-0.0126,-0.0493,-0.0181,0.0659,0.3278,,0.5000,,0.5000,,64,0,0,0
2020-10-01,VCT,,77,19,0,58,0,6,0,12,0,8,0,6,0,0,0,0,0,0,0,0,5,0,0,0,31760,0,9134,0,0,0,0,29,0,48,-0.0230,5.5027,5.4518,4.2244,-0.0472,,-0.0496,0.0311,0.0787,0.0000,,0.0000,,0.0000,,64,0,0,0
2020-10-02,VCT,,158,25,4,129,0,7,3,7,2,4,0,7,0,0,2,1,0,0,0,0,4,3,0,0,39335,42570,11158,0,0,0,0,49,2,107,0.0281,5.4771,5.4699,4.2899,-0.0438,-0.0169,-0.0468,0.0173,0.0748,0.5197,,0.4286,,0.4286,,64,0,0,0
2020-10-03,VCT,,72,9,2,61,0,5,1,1,0,1,0,5,0,0,1,0,0,0,0,0,5,0,0,0,4316,5904,3806,0,0,0,0,26,0,46,0.1427,5.5026,5.4863,4.2298,-0.0804,,-0.0491,0.0021,0.0785,0.5777,,0.0000,,0.0000,,64,0,0,0
2020-10-04,VCT,,107,16,7,84,0,6,2,7,1,6,0,6,0,0,2,0,0,0,0,0,6,1,0,0,11755,6393,7497,0,0,0,0,49,0,58,-0.1290,5.3423,5.3804,4.3036,-0.0437,-0.0600,-0.0378,-0.0005,0.0724,0.3523,,0.1429,,0.1429,,64,0,0,0
2020-10-05,VCT,,136,18,7,111,0,4,2,5,2,3,0,4,0,0,2,0,0,0,0,0,4,1,0,0,25745,11804,21873,0,0,0,0,54,0,82,-0.0512,5.3881,5.3540,4.2717,-0.0120,-0.0419,-0.0477,0.0079,0.0738,0.3144,,0.2000,,0.2000,,64,0,0,0
